[]
[]
[]
[]
[11569]
[]
[11569]
[]
[11569]
[11569, 11586]
[11569, 11586, 11649, 11790, 11924, 11980, 11991, 11999, 11998, 11970, 11958, 11955, 11957, 11960, 11960, 11961, 11962, 11963, 11961, 11961, 11960, 11959, 11959, 11960, 11957, 11953, 11949, 11947, 11943, 11941, 11938, 11936, 11935, 11933, 11931, 11931, 11931, 11930, 11930, 11929, 11929, 11929, 11929, 11929, 11929, 11929, 11929, 11929, 11929, 11932, 11958, 11965, 11991, 11979, 11973, 11960, 11965, 11979, 11983, 11990, 11998, 11997, 12016, 12017, 12020, 12024, 12034, 12038, 12038, 12042, 12048, 12067, 12068, 12055, 12101, 12136, 12144, 12137, 12147, 12108, 12131, 12128, 12138, 12198, 12182, 12192, 12179, 12217, 12197, 12196, 12230, 12244, 12254, 12258, 12279, 12281, 12313, 12322, 12329, 12335, 12278, 12306, 12300, 12363, 12371, 12377, 12376, 12378, 12390, 12401, 12408, 12462, 12424, 12425, 12477, 12488, 12463, 12470, 12459, 12473, 12485, 12510, 12509, 12535, 12526, 12545, 12505, 12533, 12541, 12550, 12557, 12555, 12540, 12576, 12555, 12570, 12599, 12651, 12635, 12622, 12628, 12647, 12636, 12630, 12639, 12692, 12664, 12685, 12652, 12657, 12704, 12695, 12687, 12681, 12738, 12703, 12707, 12728, 12734, 12765, 12764, 12744, 12779, 12757, 12793, 12748, 12790, 12776, 12783, 12815, 12789, 12821, 12815, 12819, 12820, 12818, 12810, 12843, 12817, 12843, 12891, 12911, 12866, 12855, 12909, 12884, 12892, 12892, 12862, 12916, 12885, 12930, 12956, 12923, 12946, 12976, 12990, 12993, 12994, 12953, 12942, 12969, 12957, 12967, 12950, 12979, 12957, 12962, 12947, 12951, 12983, 12969, 12987, 12992, 12987, 12979, 12960, 12994, 12993, 13013, 12986, 12998, 13031, 13023, 13027, 13035, 13019, 13017, 13042, 13043, 13032, 13011, 13025, 13033, 13053, 13028, 13026, 13036, 13034, 13038, 13056, 13091, 13089, 13063, 13084, 13048, 13045, 13048, 13067, 13092, 13068, 13083, 13095, 13097, 13076, 13071, 13069, 13060, 13054, 13088, 13089, 13127, 13106, 13106, 13100, 13103, 13111, 13187, 13189, 13112, 13131, 13150, 13132, 13125, 13147, 13118, 13117, 13150, 13158, 13173, 13116, 13214, 13126, 13219, 13139, 13163, 13153, 13142, 13153, 13140, 13121, 13122, 13130, 13123, 13124, 13138, 13153, 13135, 13131, 13153, 13141, 13133, 13142, 13135, 13168, 13151, 13188, 13175, 13161, 13156, 13171, 13133, 13145, 13146, 13141, 13190, 13145, 13141, 13176, 13194, 13183, 13165, 13179, 13203, 13221, 13200, 13166, 13158, 13197, 13158, 13182, 13224, 13196, 13190, 13211, 13223, 13230, 13191, 13213]
[11569, 11586, 11649, 11790, 11924, 11980, 11991, 11999, 11998, 11970, 11956, 11956, 11956, 11959, 11958, 11959, 11961, 11963, 11962, 11962, 11962, 11961, 11960, 11961, 11962, 11953, 11949, 11947, 11943, 11941, 11938, 11937, 11935, 11933, 11931, 11931, 11931, 11930, 11930, 11929, 11929, 11929, 11929, 11929, 11929, 11929, 11929, 11929, 11929, 11933, 11957, 11963, 11992, 11979, 11975, 11962, 11970, 11971, 11984, 11992, 11990, 11985, 11990, 11985, 11998, 12021, 12029, 12036, 12046, 12038, 12040, 12032, 12084, 12096, 12117, 12127, 12116, 12122, 12139, 12120, 12102, 12125, 12175, 12188, 12145, 12149, 12161, 12189, 12180, 12212, 12201, 12222, 12210, 12237, 12231, 12283, 12309, 12282, 12274, 12274, 12286, 12328, 12373, 12362, 12387, 12358, 12361, 12384, 12378, 12373, 12372, 12400, 12442, 12458, 12468, 12409, 12427, 12439, 12469, 12461, 12477, 12468, 12529, 12514, 12514, 12495, 12530, 12508, 12511, 12519, 12530, 12540, 12543, 12563, 12593, 12598, 12616, 12621, 12595, 12665, 12642, 12616, 12649, 12689, 12703, 12708, 12683, 12717, 12725, 12725, 12735, 12741, 12746, 12714, 12739, 12761, 12770, 12752, 12719, 12788, 12731, 12735, 12763, 12765, 12791, 12765, 12811, 12812, 12796, 12814, 12826, 12822, 12831, 12829, 12815, 12822, 12845, 12856, 12865, 12849, 12842, 12888, 12856, 12890, 12923, 12928, 12901, 12903, 12959, 12963, 12967, 12932, 12922, 12959, 12950, 12957, 12942, 12968, 12980, 12961, 12964, 12969, 12959, 12971, 12978, 12962, 12991, 12995, 12998, 12971, 12969, 13008, 13010, 12975, 12981, 13014, 13015, 12997, 13001, 12989, 13029, 13032, 13006, 13044, 13030, 13044, 13028, 13011, 13036, 13016, 13050, 13031, 13036, 13041, 13035, 13084, 13073, 13089, 13093, 13080, 13096, 13101, 13060, 13083, 13072, 13080, 13070, 13073, 13078]
[]
[11569]
[11569, 11586]
[11569, 11586, 11649, 11790, 11924, 11980, 11991, 11999, 11999, 11975, 11955, 11949, 11947, 11951, 11955, 11956, 11958, 11961, 11962, 11960, 11960, 11959, 11959, 11960, 11960, 11954, 11949, 11947, 11943, 11941, 11938, 11937, 11935, 11934, 11931, 11931, 11931, 11930, 11930, 11929, 11929, 11929, 11929, 11929, 11929, 11929, 11929, 11929, 11929, 11934, 11959, 11965, 11981, 11960, 11957, 11971, 11972, 11969, 11975, 11985, 11984, 11999, 12011, 12015, 12015, 12024, 12020, 12030, 12035, 12045, 12061, 12072, 12090, 12092, 12107, 12096, 12133, 12092, 12112, 12103, 12155, 12197, 12196, 12195, 12144, 12151, 12210, 12201, 12182, 12186, 12214, 12198, 12248, 12246, 12262, 12283, 12309, 12346, 12354, 12327, 12365, 12372, 12350, 12334, 12367, 12407, 12414, 12403, 12391, 12383, 12424, 12440, 12464, 12422, 12429, 12429, 12508, 12474, 12468, 12476, 12538, 12535, 12540, 12512, 12499, 12541, 12545, 12520, 12557, 12552, 12572, 12574, 12598, 12582, 12610, 12614, 12629, 12595, 12597, 12656, 12610, 12684, 12631, 12636, 12641, 12697, 12673, 12661, 12715, 12741, 12703, 12688, 12722, 12731, 12707, 12743, 12764, 12785, 12714, 12770, 12737, 12748, 12747, 12750, 12766, 12795, 12798, 12805, 12821, 12822, 12831, 12795, 12821, 12824, 12840, 12836, 12812, 12872, 12841, 12836, 12890, 12880, 12893, 12888, 12868, 12893, 12904, 12912, 12888, 12905, 12915, 12896, 12874, 12873, 12888, 12941, 12941, 12920, 12929, 12910, 12915, 12930, 12944, 12917, 12935, 12966, 12948, 12938, 12946, 12930, 12983, 12972, 12946, 12950, 12972, 12950, 12988, 12994, 12972, 12983, 13013, 12960, 13014, 13016, 12985, 13046, 13080, 13021]
[11569, 11586, 11649, 11790, 11924, 11980, 11991, 11999, 12004, 11980, 11966, 11958, 11954, 11951, 11952, 11951, 11950, 11954, 11956, 11958, 11958, 11959, 11959, 11957, 11954, 11952, 11949, 11948, 11944, 11943, 11941, 11938, 11937, 11935, 11934, 11933, 11931, 11931, 11931, 11930, 11929, 11929, 11929, 11929, 11929, 11929, 11929, 11929, 11929, 11933, 11957, 11963, 11992, 11981, 11975, 11963, 11959, 11961, 11987, 11977, 11983, 11994, 12002, 12002, 12028, 12016, 12028, 12016, 12009, 12021, 12045, 12061, 12061, 12119, 12089, 12090, 12109, 12106, 12090, 12095, 12130, 12144, 12151, 12161, 12180, 12152, 12180, 12189, 12194, 12195, 12213, 12232, 12207, 12233, 12243, 12252, 12276, 12338, 12349, 12354, 12356, 12367, 12299, 12341, 12336, 12388, 12336, 12376, 12382, 12428, 12390, 12395, 12397, 12425, 12448, 12480, 12473, 12490, 12492, 12464, 12462, 12507, 12507, 12512, 12515, 12518, 12510, 12539, 12529, 12552, 12552, 12559, 12583, 12559, 12601, 12611, 12575, 12618, 12661, 12628, 12606, 12669, 12640, 12618, 12639, 12680, 12653, 12681, 12674, 12692, 12674, 12714, 12713, 12691, 12716, 12695, 12722, 12702, 12720, 12735, 12749, 12777, 12784, 12807, 12764, 12751, 12784, 12794, 12791, 12794, 12778, 12806, 12795, 12769, 12782, 12806, 12838, 12823, 12835, 12849, 12838, 12827, 12865, 12860, 12873, 12885, 12867, 12890, 12869, 12903, 12898, 12881, 12942, 12948, 12951, 12955, 12904, 12931, 12919, 12910, 12903, 12920, 12931, 12944, 12932, 12916, 12942, 12958, 12926, 12934, 12954, 12961, 12972, 12990, 12996, 12976, 12969, 13000, 12950, 12993, 12985, 13020, 12984, 13026, 12983]
[]
[11569]
[11569, 11586]
[11569, 11586, 11649, 11790, 11924, 11980, 11991, 11999, 11998, 11971, 11958, 11956, 11956, 11958, 11960, 11961, 11962, 11963, 11961, 11961, 11961, 11960, 11960, 11961, 11957, 11952, 11949, 11947, 11943, 11941, 11938, 11936, 11935, 11933, 11931, 11931, 11931, 11930, 11930, 11929, 11929, 11929, 11929, 11929, 11929, 11929, 11929, 11929, 11929, 11935, 11960, 11960, 11970, 11984, 11984, 11978, 11979, 11972, 11973, 11982, 11992, 11996, 11999, 11992, 11998, 12005, 12019, 12026, 12029, 12021, 12029, 12051, 12072, 12089, 12102, 12109, 12123, 12125, 12143, 12141, 12128, 12138, 12158, 12190, 12198, 12163, 12187, 12165, 12168, 12188, 12206, 12218, 12203, 12233, 12233, 12250, 12256, 12245, 12283, 12305, 12318, 12341, 12372, 12376, 12384, 12345, 12321, 12360, 12382, 12395, 12418, 12378, 12418, 12427, 12442, 12464, 12457, 12446, 12431, 12451, 12473, 12494, 12476, 12481, 12517, 12530, 12528, 12539, 12510, 12533, 12552, 12538, 12540, 12572, 12549, 12590, 12568, 12585, 12607, 12572, 12657, 12651, 12617, 12647, 12627, 12654, 12631, 12642, 12661, 12713, 12679, 12727, 12707, 12668, 12674, 12732, 12765, 12710, 12738, 12709, 12763, 12782, 12739, 12736, 12745, 12757, 12775, 12751, 12798, 12809, 12813, 12786, 12796, 12811, 12800, 12810, 12833, 12810, 12822, 12858, 12860, 12821, 12865, 12830, 12867, 12859, 12877, 12879, 12874, 12876, 12866, 12887, 12883, 12859, 12887, 12953, 12887, 12919, 12950, 12934, 12931, 12928, 12925, 12944, 12952, 12943, 12944, 12950, 12932, 12922, 12948, 12977, 12945, 12972, 12956, 12971, 12987, 12992, 12971, 12991, 12990, 12973, 12977, 12991, 12977, 12990, 12994, 12997, 12990, 13004, 12995, 13001, 13024, 13027, 12999, 13005, 13012, 13007, 13011, 13055, 13037, 13067, 13033, 13023, 13057]
[11569, 11586, 11649, 11790, 11924, 11980, 11991, 11999, 12000, 11989, 11977, 11974, 11969, 11969, 11971, 11971, 11970, 11969, 11963, 11964, 11962, 11962, 11962, 11961, 11958, 11955, 11950, 11947, 11945, 11942, 11939, 11936, 11935, 11933, 11932, 11931, 11931, 11930, 11930, 11929, 11929, 11929, 11929, 11929, 11929, 11929, 11929, 11929, 11929, 11933, 11957, 11965, 11993, 11982, 11969, 11949, 11953, 11972, 11973, 11984, 11995, 12003, 12016, 12007, 12004, 12026, 12031, 12037, 12032, 12041, 12069, 12075, 12094, 12118, 12126, 12136, 12129, 12112, 12086, 12099, 12148, 12185, 12188, 12142, 12169, 12195, 12166, 12190, 12194, 12179, 12187, 12224, 12221, 12285, 12253, 12266, 12284, 12303, 12352, 12324, 12287, 12293, 12330, 12363, 12393, 12355, 12375, 12348, 12412, 12414, 12418, 12408, 12438, 12411, 12417, 12454, 12478, 12430, 12468, 12496, 12458, 12497, 12479, 12480, 12526, 12494, 12498, 12506, 12532, 12523, 12547, 12532, 12563, 12572, 12562, 12564, 12580, 12607, 12582, 12590, 12624, 12625, 12627, 12647, 12604, 12608, 12615, 12648, 12635, 12654, 12648, 12664, 12671]
[11569, 11586, 11649, 11790, 11924, 11980, 11991, 11999, 11998, 11972, 11957, 11955, 11954, 11958, 11960, 11960, 11960, 11963, 11961, 11961, 11960, 11960, 11960, 11961, 11957, 11952, 11948, 11946, 11943, 11941, 11938, 11937, 11935, 11933, 11931, 11931, 11931, 11930, 11930, 11929, 11929, 11929, 11929, 11929, 11929, 11929, 11929, 11929, 11929, 11934, 11958, 11965, 11992, 11979, 11973, 11960, 11962, 11964, 11986, 11990, 11989, 11996, 12005, 12015, 12032, 12035, 12021, 12026, 12039, 12059, 12071, 12094, 12086, 12080, 12059, 12067, 12112, 12138, 12109, 12130, 12114, 12171, 12181, 12179, 12189, 12204, 12193, 12205, 12224, 12204, 12201, 12245, 12256, 12253, 12275, 12279, 12289, 12310, 12291, 12303, 12280, 12308, 12344, 12347, 12312, 12397, 12348, 12399, 12367, 12392, 12379, 12392, 12426, 12420, 12427, 12416, 12418, 12449, 12501, 12503, 12453, 12495, 12497, 12502, 12545, 12490, 12543, 12534, 12546, 12522, 12542, 12528, 12567, 12577, 12587, 12589, 12624, 12597, 12610, 12669, 12603, 12687, 12659, 12632, 12676, 12666, 12681, 12638, 12717, 12725, 12681, 12671, 12724, 12733, 12717, 12738, 12718, 12763, 12733, 12752, 12742, 12763, 12789, 12757, 12763, 12759, 12805, 12806, 12803, 12795, 12793, 12807, 12817, 12800, 12785, 12826, 12821, 12827, 12820, 12844, 12873, 12847, 12851, 12879, 12866, 12864, 12881, 12874]
[11569, 11586, 11649, 11790, 11924, 11980, 11991, 11999, 12004, 11980, 11966, 11958, 11954, 11954, 11951, 11950, 11950, 11951, 11954, 11957, 11958, 11959, 11958, 11955, 11953, 11950, 11949, 11947, 11944, 11942, 11940, 11938, 11937, 11935, 11934, 11933, 11931, 11931, 11931, 11930, 11929, 11929, 11929, 11929, 11929, 11929, 11929, 11929, 11929, 11934, 11952, 11966, 11953, 11950, 11968, 11967, 11965, 11961, 11974, 11988, 11998, 12007, 12005, 12013, 12006, 12008, 12027, 12033, 11988, 12066, 12075, 12033, 12076, 12089, 12105, 12090, 12060, 12114, 12124, 12081, 12099, 12138, 12178, 12131, 12159, 12147, 12149, 12164, 12181, 12194, 12188, 12194, 12219, 12207, 12211, 12222, 12236, 12264, 12305, 12313, 12317, 12312, 12320, 12332, 12337, 12400, 12361, 12410, 12379, 12431, 12394, 12412, 12395, 12431, 12452, 12442, 12451, 12482, 12465, 12520, 12475, 12511, 12507, 12546, 12531, 12496, 12504, 12549, 12519, 12554, 12574, 12574, 12551, 12571, 12598, 12602, 12623, 12641, 12627, 12663, 12611, 12665, 12628, 12669, 12651, 12659, 12648, 12684, 12655, 12660, 12714, 12678, 12712, 12708, 12728, 12760, 12740, 12774, 12771, 12773, 12736, 12781, 12776, 12797, 12801, 12788, 12781, 12815, 12807, 12791, 12825, 12798, 12837, 12807, 12838, 12863, 12849, 12854, 12847, 12868, 12895, 12856, 12881, 12874, 12893, 12940, 12912, 12905, 12876, 12919, 12949, 12904, 12942, 12911, 12923, 12907, 12953, 12940, 12926, 12978, 12965, 12988, 12955, 12976, 12989, 12985, 12976, 12988, 12978, 13006, 12968, 12984, 12986, 12977, 12992, 12984, 13005, 13014, 12986, 12989, 13021, 13024, 13019, 13054, 13011, 13043]
[11569, 11586, 11649, 11790, 11924, 11980, 11991, 11999, 11999, 11985, 11976, 11974, 11970, 11970, 11972, 11974, 11972, 11970, 11964, 11962, 11962, 11962, 11962, 11961, 11958, 11956, 11949, 11947, 11944, 11942, 11939, 11936, 11935, 11933, 11932, 11931, 11931, 11930, 11930, 11929, 11929, 11929, 11929, 11929, 11929, 11929, 11929, 11929, 11929, 11936, 11951, 11965, 11973, 11985, 11980, 11976, 11976, 11974, 11978, 11982, 11992, 11992, 12004, 12015, 12006, 12027, 12022, 12028, 12012, 12012, 12039, 12038, 12066, 12080, 12087, 12126, 12120, 12081, 12105, 12094, 12127, 12155, 12147, 12154, 12135, 12139, 12193, 12203, 12205, 12182, 12192, 12207, 12219, 12241, 12244, 12260, 12260, 12279, 12318, 12295, 12299, 12311, 12331, 12330, 12349, 12367, 12372, 12331, 12342, 12361, 12368, 12400, 12399, 12410, 12448, 12436, 12437, 12450, 12447, 12474, 12510, 12496, 12515, 12467, 12487, 12480, 12487, 12509, 12520, 12529, 12530, 12539, 12549, 12546, 12569]
